1000
1216
773
899
964
1351
184
1195
445
88
1132
168
268
1366
110
1277
153
1181
1048
1425
707
979
860
429
1155
1253
54
501
508
673
572
1139
825
36
317
1353
929
239
1475
103
1335
21
1365
413
701
797
927
983
310
1125
609
178
892
50
1103
337
8
1281
290
1063
1312
773
836
263
740
1491
1432
1374
1347
1218
115
565
705
1112
1326
466
53
944
472
432
482
360
869
1257
1026
459
1048
755
1368
571
192
1390
30
125
1056
1311
1454
237
591
1394
1418
1415
699
425
526
451
146
228
1137
1319
862
457
191
383
153
1035
144
178
1143
1007
1389
1330
51
669
232
469
589
943
17
574
969
760
1050
110
796
22
828
632
1351
1175
1007
587
996
117
1286
456
951
800
992
599
1157
948
278
1339
400
5
192
1198
878
386
878
534
1375
397
627
808
1104
693
1069
1086
173
234
196
1402
594
737
1012
721
122
1451
1360
303
409
1431
906
180
634
578
968
1427
383
829
542
293
284
145
1009
967
1299
1074
499
1085
1441
411
1211
610
893
1405
203
817
528
733
677
592
1468
607
1203
511
1317
751
286
228
117
1224
1407
564
572
259
996
201
375
797
224
437
1454
855
1038
1242
144
705
520
1029
1361
842
920
1460
1489
53
723
94
950
1
851
93
644
1055
930
1094
1088
1304
204
845
347
953
1250
58
1144
905
1404
750
420
752
983
675
1018
817
271
86
1108
1181
883
231
1164
416
647
470
7
569
1195
543
8
1028
1384
691
1045
1203
1135
1401
880
203
477
579
576
391
508
881
794
580
1087
71
50
631
1155
1026
28
1268
99
764
1106
1475
378
535
247
1059
1070
719
1281
934
568
1257
930
310
936
1091
752
730
567
1341
1421
928
540
1273
1055
306
908
457
9
172
337
797
1090
12
1283
107
353
904
1233
1062
223
299
1293
990
1461
433
171
72
641
640
224
1129
532
80
1474
169
414
339
332
505
1280
1393
1006
119
926
453
38
793
274
1184
624
879
56
214
218
1000
577
1126
544
565
1219
1026
171
317
159
362
1209
1264
435
1394
1248
795
1376
39
958
429
331
798
630
507
896
1434
901
445
1248
1323
1075
831
551
123
397
266
709
1252
1459
1351
268
715
309
1177
1015
167
300
218
501
1437
789
955
1108
1311
141
696
1268
1035
498
799
1282
1337
688
1260
554
1236
1312
292
691
981
1234
1449
498
494
1314
288
1029
581
492
506
1064
956
535
1006
809
19
510
1148
344
15
1328
858
1230
929
741
705
926
963
1083
1017
1262
1106
695
665
615
169
1240
1130
405
56
456
696
1104
380
11
1453
1039
447
1036
687
1476
86
244
767
913
266
278
1356
177
142
744
471
1265
283
473
165
1323
854
1043
189
1160
1046
1379
930
1098
408
207
15
1222
651
113
746
1219
499
1376
395
970
1318
667
508
1212
261
772
1137
132
700
758
380
1494
277
1226
1179
1290
997
1347
622
385
85
622
1174
1260
1182
1223
292
761
691
1261
261
558
1279
403
493
377
458
1423
1187
313
1272
828
1351
1169
1316
699
731
1110
890
999
291
278
603
1231
830
380
589
712
668
959
514
483
841
116
877
1344
484
1415
979
893
249
573
180
93
652
520
1493
917
397
720
1432
870
297
488
1033
1452
1069
123
1416
1050
989
604
127
566
835
673
338
401
992
239
1453
1086
1140
162
635
51
1469
422
944
471
1453
5
1097
1054
732
628
60
479
1169
1016
506
1498
204
120
1143
510
1095
968
880
149
296
1428
423
454
398
183
1310
1295
253
151
919
38
400
132
618
1305
368
1477
1284
1450
1396
1168
200
749
338
637
982
1059
698
329
1488
1454
554
463
1010
353
1449
721
945
277
100
616
1348
663
388
322
230
1169
478
715
184
475
940
441
1066
281
952
644
1283
665
638
637
409
342
1458
1491
286
651
1208
947
1240
1310
838
196
739
972
27
1078
695
84
905
1227
1086
1411
1140
1015
1435
203
749
839
763
1024
137
787
1156
1398
1038
597
130
424
1047
282
158
528
1207
636
554
1462
1112
956
774
1316
869
28
764
1091
1097
353
1208
1215
933
317
518
39
1370
1192
737
567
864
1496
876
259
1491
233
464
1464
948
1383
1059
446
663
261
223
1219
590
1303
802
1321
561
203
941
1145
1048
1075
559
592
1398
1119
1423
383
610
1108
1198
418
18
21
614
1206
908
517
1207
174
853
1385
1061
314
1396
1403
201
350
510
830
794
377
478
1313
512
1074
1271
781
715
47
258
1450
652
940
1102
257
863
1469
739
55
1061
607
344
735
73
641
1456
617
1377
474
607
1353
886
923
180
861
1110
816
267
281
449
511
1359
277
943
1072
1098
997
732
1331
165
645
1334
217
1222
503
807
1136
1436
1096
1054
893
704
336
834
654
145
953
44
1128
277
668
117
659
1038
1478
1423
772
586
1386
969
923
482
638
850
1416
1258
1166
306
1095
918
1428
407
587
841
969
785
1036
205
525
1308
328
1185
112
546
199
757
1340
1288
470
103
351
85
273
59
1286
581
396
948
787
1111
406
713
906
225
976
1015
685
152
1124
32
1412
315
677
1099
268
793
699
