1000
740
902
386
620
808
432
274
113
326
684
464
950
979
249
638
720
761
227
364
886
282
729
581
793
325
367
452
307
323
410
452
937
534
743
586
615
822
578
443
160
203
856
381
707
674
811
839
645
800
793
615
537
199
355
727
575
459
862
534
519
939
780
56
643
768
431
605
904
183
699
155
139
126
65
627
132
945
162
595
348
410
938
56
101
225
720
290
749
529
551
629
402
799
694
163
996
744
183
331
238
282
210
591
386
30
183
289
551
800
510
275
20
895
230
249
898
330
167
167
635
625
505
881
76
871
904
774
715
608
614
532
272
662
847
898
669
156
179
800
110
703
381
815
911
471
870
399
760
169
289
53
377
906
660
545
869
347
180
921
880
807
277
87
943
93
595
250
812
582
260
7
87
270
554
806
700
123
225
365
727
854
997
605
479
372
425
526
852
339
839
595
698
397
123
61
164
263
526
88
463
462
266
408
43
878
890
177
354
138
832
113
278
418
220
279
573
559
839
144
539
416
755
125
203
435
40
93
285
82
726
116
470
715
207
73
283
285
504
584
971
179
394
492
407
347
205
490
347
76
111
294
721
601
279
262
786
119
781
241
171
616
302
765
665
405
720
258
13
13
825
715
6
913
552
766
617
355
216
223
384
369
384
289
862
70
156
328
430
419
801
207
894
920
675
732
312
596
919
333
722
197
767
217
970
913
41
774
547
73
302
422
94
192
435
321
937
991
305
369
248
910
493
271
271
738
287
513
730
497
779
312
642
502
634
539
808
220
837
309
655
53
62
831
476
904
207
693
900
220
271
697
945
704
344
667
556
966
666
563
905
82
981
324
677
974
905
624
985
787
781
739
299
607
649
385
657
866
581
894
909
302
613
658
47
521
315
201
286
724
51
603
339
169
836
144
243
119
684
681
91
333
417
847
889
664
230
589
359
812
836
220
870
700
908
786
979
618
765
329
668
125
538
153
434
109
593
661
964
664
556
414
615
418
919
530
735
678
758
674
660
552
420
919
125
102
283
954
221
89
455
925
424
127
472
156
948
398
899
179
976
257
960
791
101
674
634
332
431
491
736
674
465
428
950
582
67
652
650
761
382
336
312
971
249
988
749
661
235
765
571
346
87
770
49
275
917
270
71
676
775
398
221
43
807
626
441
450
993
414
10
536
428
830
432
796
47
579
583
908
469
80
592
225
384
459
62
595
863
748
680
100
544
919
52
341
308
402
78
642
709
141
307
639
152
651
80
911
697
997
673
937
723
753
114
761
629
341
23
511
27
422
773
553
490
495
85
322
953
314
212
391
0
343
875
461
473
416
687
941
593
560
32
747
125
263
922
9
628
351
741
510
625
979
133
102
573
20
729
536
318
531
132
345
858
382
997
124
905
43
318
158
798
974
998
139
467
394
271
907
95
881
808
345
697
875
176
689
33
312
943
727
571
990
989
264
787
377
574
242
551
62
508
946
655
702
619
408
829
306
282
804
252
475
599
32
947
639
719
907
550
178
704
745
8
234
407
555
963
137
992
231
107
304
657
568
717
128
566
579
419
160
10
167
69
437
42
82
598
173
50
227
244
578
539
92
749
879
107
507
610
156
187
236
932
905
102
705
977
788
991
244
805
723
912
338
184
224
618
40
540
151
783
235
51
697
529
377
42
77
48
752
855
852
414
897
908
610
579
148
937
747
367
955
379
603
379
310
286
747
54
946
716
84
776
929
811
405
1
399
727
589
287
873
108
399
177
654
810
697
759
803
614
451
413
527
429
944
204
419
968
373
399
568
733
788
517
421
339
496
139
223
468
478
351
31
984
591
301
906
5
288
946
988
160
806
474
809
298
194
345
185
332
393
484
241
721
919
893
473
501
753
608
713
824
111
401
34
306
980
625
854
223
574
149
903
775
939
69
377
228
177
165
471
995
548
925
262
470
438
497
187
295
880
856
692
181
699
996
105
412
268
774
194
14
283
7
94
636
362
343
838
746
254
958
557
477
575
891
422
365
912
552
83
771
501
185
18
281
287
633
45
76
153
691
581
595
751
97
55
588
115
223
297
43
624
420
837
810
59
565
850
615
908
450
331
647
464
382
41
462
460
743
70
588
713
105
776
702
387
626
322
994
623
349
354
905
255
416
813
538
879
684
330
786
140
752
441
925
842
12
145
186
875
622
44
442
22
759
195
736
901
506
921
725
533
754
641
170
491
977
174
109
299
536
982
575
856
953
341
275
90
733
675
975
795
271
174
344
71
181
590
919
311
282
914
557
413
949
517
575
